% Intrinsic and Extrinsic Camera Parameters
%
% This script file can be directly executed under Matlab to recover the camera intrinsic and extrinsic parameters.
% IMPORTANT: This file contains neither the structure of the calibration objects nor the image coordinates of the calibration points.
%            All those complementary variables are saved in the complete matlab data file Calib_Results.mat.
% For more information regarding the calibration model visit http://www.vision.caltech.edu/bouguetj/calib_doc/


%-- Focal length:
fc = [ 629.603045760358214 ; 631.739248285958070 ];

%-- Principal point:
cc = [ 315.192014218081681 ; 246.730187083720153 ];

%-- Skew coefficient:
alpha_c = 0.000000000000000;

%-- Distortion coefficients:
kc = [ 0.131472482058273 ; -0.661881632097115 ; -0.004896646867606 ; -0.003387261360611 ; 0.000000000000000 ];

%-- Focal length uncertainty:
fc_error = [ 6.263438567139068 ; 6.041984207718020 ];

%-- Principal point uncertainty:
cc_error = [ 4.769950167728463 ; 4.412919042864265 ];

%-- Skew coefficient uncertainty:
alpha_c_error = 0.000000000000000;

%-- Distortion coefficients uncertainty:
kc_error = [ 0.028306913974620 ; 0.145428611695181 ; 0.002258814061281 ; 0.002636612312321 ; 0.000000000000000 ];

%-- Image size:
nx = 640;
ny = 480;


%-- Various other variables (may be ignored if you do not use the Matlab Calibration Toolbox):
%-- Those variables are used to control which intrinsic parameters should be optimized

n_ima = 30;						% Number of calibration images
est_fc = [ 1 ; 1 ];					% Estimation indicator of the two focal variables
est_aspect_ratio = 1;				% Estimation indicator of the aspect ratio fc(2)/fc(1)
center_optim = 1;					% Estimation indicator of the principal point
est_alpha = 0;						% Estimation indicator of the skew coefficient
est_dist = [ 1 ; 1 ; 1 ; 1 ; 0 ];	% Estimation indicator of the distortion coefficients


%-- Extrinsic parameters:
%-- The rotation (omc_kk) and the translation (Tc_kk) vectors for every calibration image and their uncertainties

%-- Image #1:
omc_1 = [ -2.196835e+00 ; -2.238560e+00 ; -3.047961e-02 ];
Tc_1  = [ -1.259995e+02 ; -5.600053e+01 ; 3.767451e+02 ];
omc_error_1 = [ 1.227448e-02 ; 1.195465e-02 ; 2.592723e-02 ];
Tc_error_1  = [ 2.872557e+00 ; 2.675415e+00 ; 4.287120e+00 ];

%-- Image #2:
omc_2 = [ 1.906988e+00 ; 2.035841e+00 ; 4.288777e-01 ];
Tc_2  = [ -1.244177e+02 ; -6.821036e+01 ; 3.093327e+02 ];
omc_error_2 = [ 8.229695e-03 ; 1.094904e-02 ; 1.888972e-02 ];
Tc_error_2  = [ 2.455647e+00 ; 2.232986e+00 ; 3.686382e+00 ];

%-- Image #3:
omc_3 = [ 1.749890e+00 ; 2.024906e+00 ; 5.307980e-01 ];
Tc_3  = [ -8.027478e+01 ; -6.205767e+01 ; 3.475260e+02 ];
omc_error_3 = [ 7.226800e-03 ; 8.494529e-03 ; 1.434262e-02 ];
Tc_error_3  = [ 2.707746e+00 ; 2.441599e+00 ; 3.930838e+00 ];

%-- Image #4:
omc_4 = [ -1.796687e+00 ; -2.062873e+00 ; 4.712742e-01 ];
Tc_4  = [ -7.612263e+01 ; -5.760232e+01 ; 4.782831e+02 ];
omc_error_4 = [ 8.312605e-03 ; 1.032840e-02 ; 1.598469e-02 ];
Tc_error_4  = [ 3.595916e+00 ; 3.327774e+00 ; 3.928616e+00 ];

%-- Image #5:
omc_5 = [ -1.939497e+00 ; -2.191301e+00 ; -5.144992e-01 ];
Tc_5  = [ -1.053425e+02 ; -7.155195e+01 ; 3.464440e+02 ];
omc_error_5 = [ 8.583669e-03 ; 9.898298e-03 ; 1.722181e-02 ];
Tc_error_5  = [ 2.682515e+00 ; 2.505247e+00 ; 4.030275e+00 ];

%-- Image #6:
omc_6 = [ 1.851401e+00 ; 2.155060e+00 ; 7.352300e-01 ];
Tc_6  = [ -1.148600e+02 ; -6.045616e+01 ; 4.208165e+02 ];
omc_error_6 = [ 9.239578e-03 ; 1.013547e-02 ; 1.901776e-02 ];
Tc_error_6  = [ 3.328682e+00 ; 2.987338e+00 ; 5.149293e+00 ];

%-- Image #7:
omc_7 = [ 1.906325e+00 ; 2.134400e+00 ; 6.307051e-01 ];
Tc_7  = [ -6.830163e+01 ; -4.851714e+01 ; 2.954389e+02 ];
omc_error_7 = [ 7.680358e-03 ; 7.246861e-03 ; 1.447738e-02 ];
Tc_error_7  = [ 2.282211e+00 ; 2.080668e+00 ; 3.317459e+00 ];

%-- Image #8:
omc_8 = [ -2.050685e+00 ; -2.313788e+00 ; -1.340143e-01 ];
Tc_8  = [ -7.487693e+01 ; -5.437458e+01 ; 3.169916e+02 ];
omc_error_8 = [ 8.906272e-03 ; 1.110003e-02 ; 2.002637e-02 ];
Tc_error_8  = [ 2.387415e+00 ; 2.232951e+00 ; 3.489848e+00 ];

%-- Image #9:
omc_9 = [ 2.309408e+00 ; 2.111490e+00 ; 1.842182e-01 ];
Tc_9  = [ -1.017314e+02 ; -2.839203e+01 ; 3.039869e+02 ];
omc_error_9 = [ 9.102536e-03 ; 7.823081e-03 ; 1.964133e-02 ];
Tc_error_9  = [ 2.314233e+00 ; 2.151205e+00 ; 3.411801e+00 ];

%-- Image #10:
omc_10 = [ 2.113451e+00 ; 2.187235e+00 ; 6.657349e-01 ];
Tc_10  = [ -9.160714e+01 ; -4.747338e+01 ; 3.360878e+02 ];
omc_error_10 = [ 8.806462e-03 ; 7.498359e-03 ; 1.754160e-02 ];
Tc_error_10  = [ 2.615566e+00 ; 2.389495e+00 ; 3.903746e+00 ];

%-- Image #11:
omc_11 = [ -1.691962e+00 ; -2.081696e+00 ; -6.746362e-01 ];
Tc_11  = [ -1.050419e+02 ; -8.373859e+01 ; 4.025328e+02 ];
omc_error_11 = [ 7.502793e-03 ; 9.977263e-03 ; 1.507446e-02 ];
Tc_error_11  = [ 3.097699e+00 ; 2.907485e+00 ; 4.677254e+00 ];

%-- Image #12:
omc_12 = [ -1.905881e+00 ; -2.278244e+00 ; -3.138367e-01 ];
Tc_12  = [ -7.722265e+01 ; -2.482604e+01 ; 3.977135e+02 ];
omc_error_12 = [ 8.101003e-03 ; 1.150145e-02 ; 1.919432e-02 ];
Tc_error_12  = [ 3.017540e+00 ; 2.805754e+00 ; 4.451308e+00 ];

%-- Image #13:
omc_13 = [ -2.518493e+00 ; -1.799621e+00 ; -3.801005e-01 ];
Tc_13  = [ -1.225197e+02 ; -2.122817e+01 ; 3.629647e+02 ];
omc_error_13 = [ 1.179202e-02 ; 8.590561e-03 ; 2.317777e-02 ];
Tc_error_13  = [ 2.816003e+00 ; 2.582637e+00 ; 4.157593e+00 ];

%-- Image #14:
omc_14 = [ 2.134524e+00 ; 1.646521e+00 ; 9.159502e-01 ];
Tc_14  = [ -7.477422e+01 ; -1.685972e+01 ; 3.081376e+02 ];
omc_error_14 = [ 8.702321e-03 ; 5.579941e-03 ; 1.326460e-02 ];
Tc_error_14  = [ 2.400752e+00 ; 2.171593e+00 ; 3.687014e+00 ];

%-- Image #15:
omc_15 = [ -1.696875e+00 ; -2.134102e+00 ; -1.048642e+00 ];
Tc_15  = [ -5.870869e+01 ; -6.710924e+01 ; 3.429756e+02 ];
omc_error_15 = [ 6.749128e-03 ; 9.309218e-03 ; 1.312521e-02 ];
Tc_error_15  = [ 2.641521e+00 ; 2.459761e+00 ; 4.162645e+00 ];

%-- Image #16:
omc_16 = [ -2.130676e+00 ; -1.607960e+00 ; -1.207315e+00 ];
Tc_16  = [ -6.724647e+01 ; 5.500102e+00 ; 3.201436e+02 ];
omc_error_16 = [ 6.678232e-03 ; 8.470586e-03 ; 1.236895e-02 ];
Tc_error_16  = [ 2.450366e+00 ; 2.248508e+00 ; 3.791877e+00 ];

%-- Image #17:
omc_17 = [ 2.025068e+00 ; 1.824519e+00 ; -4.870882e-02 ];
Tc_17  = [ -1.256178e+02 ; -4.639892e+01 ; 3.790777e+02 ];
omc_error_17 = [ 7.919428e-03 ; 9.631275e-03 ; 1.608248e-02 ];
Tc_error_17  = [ 2.916848e+00 ; 2.677180e+00 ; 4.134173e+00 ];

%-- Image #18:
omc_18 = [ 2.190769e+00 ; 1.574489e+00 ; 2.834856e-01 ];
Tc_18  = [ -1.300021e+02 ; -1.852549e+01 ; 3.925801e+02 ];
omc_error_18 = [ 9.108890e-03 ; 8.733247e-03 ; 1.833098e-02 ];
Tc_error_18  = [ 3.091360e+00 ; 2.780483e+00 ; 4.557347e+00 ];

%-- Image #19:
omc_19 = [ -1.612462e+00 ; -2.116500e+00 ; 2.158294e-01 ];
Tc_19  = [ -5.703633e+01 ; -8.294791e+01 ; 4.257472e+02 ];
omc_error_19 = [ 7.145026e-03 ; 1.121103e-02 ; 1.462266e-02 ];
Tc_error_19  = [ 3.220854e+00 ; 2.965435e+00 ; 3.683726e+00 ];

%-- Image #20:
omc_20 = [ -1.794479e+00 ; -2.102104e+00 ; -3.223305e-01 ];
Tc_20  = [ -9.784685e+01 ; -6.659128e+01 ; 3.176796e+02 ];
omc_error_20 = [ 6.310427e-03 ; 9.060449e-03 ; 1.349689e-02 ];
Tc_error_20  = [ 2.421228e+00 ; 2.281079e+00 ; 3.449738e+00 ];

%-- Image #21:
omc_21 = [ 2.016586e+00 ; 2.263017e+00 ; 1.046231e-01 ];
Tc_21  = [ -9.379589e+01 ; -4.549681e+01 ; 3.413547e+02 ];
omc_error_21 = [ 9.198044e-03 ; 1.067751e-02 ; 2.097168e-02 ];
Tc_error_21  = [ 2.609921e+00 ; 2.403973e+00 ; 3.809740e+00 ];

%-- Image #22:
omc_22 = [ -2.246280e+00 ; -1.848577e+00 ; -7.543341e-01 ];
Tc_22  = [ -8.555648e+01 ; -1.524735e+01 ; 3.260993e+02 ];
omc_error_22 = [ 7.231386e-03 ; 8.232312e-03 ; 1.493955e-02 ];
Tc_error_22  = [ 2.500886e+00 ; 2.298865e+00 ; 3.704558e+00 ];

%-- Image #23:
omc_23 = [ 1.926300e+00 ; 2.109977e+00 ; 4.644428e-01 ];
Tc_23  = [ -1.168565e+02 ; -4.896325e+01 ; 3.917745e+02 ];
omc_error_23 = [ 8.920094e-03 ; 1.077844e-02 ; 2.041876e-02 ];
Tc_error_23  = [ 3.089878e+00 ; 2.777822e+00 ; 4.589489e+00 ];

%-- Image #24:
